380 0.010330510074486616
400 0.008166057436109856
420 0.011561043201331557
440 0.011082359672356372
460 0.0547167799249492
480 0.04589675348212741
500 0.03541344614359835
520 0.04104305045540086
540 0.07129624497986797
560 0.07478348579661674
580 0.037719094068765904
600 0.01705893287176704
620 0.010335343079750182
640 0.007536667295438966
660 0.005816215628455896
680 0.004588285091572187
700 0.0037869874583893472
720 0.003179234921120751
740 0.0027309780704482126
760 0.0023407880287975177
780 0.0020266856711252867
