380 0.020334720611040934
400 0.015233324063177825
420 0.021113324874024418
440 0.026854468056199243
460 0.10223938828758437
480 0.08349278296727991
500 0.06753001658773972
520 0.08502581235641293
540 0.14620061239322307
560 0.13153754526213765
580 0.06834386852094461
600 0.033049624072507396
620 0.0206865106850789
640 0.015344921850025945
660 0.01200222400973707
680 0.009591119031046962
700 0.008006031897924194
720 0.006775447783835438
740 0.005851626107801151
760 0.005036950005660096
780 0.004384939877592506
