380 0.27767431903222356
390 0.33265398987205813
400 0.31611699085631306
410 0.2363334438234229
420 0.5735639955041301
430 0.8757503050514001
440 0.6809257821583988
450 0.4974758438398855
460 0.8120337156071622
470 1.0316588326610954
480 1.074684524047691
490 0.929797857257059
500 0.7175986841860102
510 0.5548901479310991
520 0.45864890258679086
530 0.2868936472145867
540 0.26077527268715794
550 0.43621541758195914
560 0.6633976883441847
570 1.069476365577385
580 1.1947065322641683
590 1.4534012727584886
600 1.5989900546710745
610 1.734618299467934
620 1.7972405750657416
630 1.8394119525893966
640 1.8774835705238175
650 1.7881474426752564
660 1.7170778800470357
670 1.5767454324065524
680 1.3935513720247437
690 1.2328711898915603
700 1.1325455151370178
710 1.072863433933058
720 1.0680736679360308
730 1.1077164144756855
740 1.1175272583385494
750 1.0979688140417974
760 1.0605687235453785
770 1.024684979459639
780 0.9669906436838426
