380 3.3838707852248517e-07
390 4.033378773518206e-07
400 3.597661878183054e-07
410 2.7013878250824347e-07
420 5.805106448931651e-07
430 9.662465560385528e-07
440 8.299874068599207e-07
450 6.722043656053891e-07
460 9.220226308429432e-07
470 1.0602455115226603e-06
480 1.0634783581889264e-06
490 9.393353959546468e-07
500 6.892950890358779e-07
510 6.271328126755201e-07
520 4.882643268178118e-07
530 3.240320291739147e-07
540 2.396770840715774e-07
550 3.8923915113268025e-07
560 5.614263307236373e-07
570 9.256750329086888e-07
580 1.1511170777085664e-06
590 1.5294068420453268e-06
600 1.752675963885646e-06
610 1.922931066578661e-06
620 2.0915220483356505e-06
630 2.1684864141218873e-06
640 2.1325940227341415e-06
650 2.025323637930428e-06
660 1.8377457025371461e-06
670 1.6256266569644146e-06
680 1.477832244236116e-06
690 1.350618687301902e-06
700 1.2431319549840046e-06
710 1.1754024097706108e-06
720 1.1744952171721025e-06
730 1.2589066407195768e-06
740 1.3046143906063372e-06
750 1.281903547724465e-06
760 1.2244655099429226e-06
770 1.1520051677858015e-06
780 1.0799673134376381e-06
