380 2.512105508082401e-07
390 3.01087709789006e-07
400 2.9873735576541156e-07
410 2.2157612667368695e-07
420 5.727156262027703e-07
430 8.272843399625843e-07
440 5.99824165389478e-07
450 4.2722249437301836e-07
460 7.706666728608343e-07
470 1.0233042005657918e-06
480 1.073166931376423e-06
490 9.373755990306346e-07
500 7.356677203439059e-07
510 5.738150995957954e-07
520 4.383078363503861e-07
530 2.7230496388367377e-07
540 2.3312786406752555e-07
550 4.545834474614854e-07
560 7.296780016270231e-07
570 1.1759621765295756e-06
580 1.2270597790424429e-06
590 1.3834547400366902e-06
600 1.5690340804300595e-06
610 1.656192479328331e-06
620 1.702649397754759e-06
630 1.7597472189495369e-06
640 1.7495940317282482e-06
650 1.7121619454630016e-06
660 1.559955369974077e-06
670 1.383599998495563e-06
680 1.2150771336981673e-06
690 1.0573288835532604e-06
700 9.583651718427988e-07
710 9.021421133051801e-07
720 8.926529690336034e-07
730 9.265415818856305e-07
740 9.409869029880324e-07
750 9.5397678290675e-07
760 9.6870910404995e-07
770 9.357156032074814e-07
780 9.093391335293122e-07
