380 2.7767431903222354e-07
390 3.3265398987205813e-07
400 3.161169908563131e-07
410 2.3633344382342288e-07
420 5.7356399550413e-07
430 8.757503050514001e-07
440 6.809257821583988e-07
450 4.974758438398855e-07
460 8.120337156071622e-07
470 1.0316588326610954e-06
480 1.074684524047691e-06
490 9.29797857257059e-07
500 7.175986841860102e-07
510 5.548901479310992e-07
520 4.5864890258679084e-07
530 2.8689364721458674e-07
540 2.6077527268715795e-07
550 4.3621541758195914e-07
560 6.633976883441847e-07
570 1.0694763655773849e-06
580 1.1947065322641683e-06
590 1.4534012727584887e-06
600 1.5989900546710745e-06
610 1.734618299467934e-06
620 1.7972405750657417e-06
630 1.8394119525893965e-06
640 1.8774835705238176e-06
650 1.7881474426752564e-06
660 1.7170778800470356e-06
670 1.5767454324065524e-06
680 1.3935513720247436e-06
690 1.2328711898915603e-06
700 1.1325455151370177e-06
710 1.072863433933058e-06
720 1.0680736679360308e-06
730 1.1077164144756855e-06
740 1.1175272583385494e-06
750 1.0979688140417973e-06
760 1.0605687235453785e-06
770 1.0246849794596392e-06
780 9.669906436838426e-07
