380 1.7603355479864724
390 1.60517154514643
400 1.3239446752153172
410 0.9324119356830372
420 0.8252788506787608
430 1.25446661182761
440 1.6564184327600873
450 2.0081366213273113
460 2.016463199886393
470 1.7507428744890305
480 1.494685875034599
490 1.3603540747641847
500 1.3691849228636699
510 1.2488300940560275
520 1.1068201454689213
530 1.0397095821294127
540 1.0691576033971066
550 1.1278166348925682
560 1.168661694374924
570 1.1440955787731208
580 1.0723317229652902
590 1.0141684427145783
600 0.9839668260092924
610 0.9718091515156992
620 0.9677248329269307
630 0.9655498498751066
640 0.9613100061749263
650 0.9524935413660303
660 0.938579171643146
670 0.9191488521491663
680 0.8941905426535337
690 0.8645904914782853
700 0.8321750029103118
710 0.797265756672773
720 0.7613119080320457
730 0.7254955296818055
740 0.6901805954658355
750 0.6564125069803851
760 0.6243828133530485
770 0.5946849520015423
780 0.5661632267217459
