380 2.629700979057972e-07
390 3.143515937572017e-07
400 3.0437350748015024e-07
410 2.2695865821159446e-07
420 5.717690360696575e-07
430 8.36590000243848e-07
440 6.221395751209043e-07
450 4.611843070625023e-07
460 7.947263585742036e-07
470 1.0287368413235275e-06
480 1.0656555289869114e-06
490 9.286979658438156e-07
500 7.374067903334042e-07
510 5.64317457309855e-07
520 4.4752376525339957e-07
530 2.6987061759971906e-07
540 2.3705474560005916e-07
550 4.5103769188052943e-07
560 6.9686732307195e-07
570 1.127599538037062e-06
580 1.2150964842144738e-06
590 1.4092405333815786e-06
600 1.5753736070030293e-06
610 1.7001761627604634e-06
620 1.7681704490104578e-06
630 1.8134287615351407e-06
640 1.7597228372113714e-06
650 1.6721989763377397e-06
660 1.5657422149860142e-06
670 1.4040433660263751e-06
680 1.2633535792191513e-06
690 1.1320953124799342e-06
700 1.02376266856988e-06
710 9.767990760422133e-07
720 9.711200972647423e-07
730 9.745236883890944e-07
740 1.0215053375254207e-06
750 1.051496108521333e-06
760 1.0277233539876451e-06
770 9.821342080880043e-07
780 9.628021856813161e-07
