380 0.5638070950455711
390 0.4283185254292588
400 0.33762947244652947
410 0.3389746952734388
420 0.2856660327056083
430 0.2860761665543955
440 0.5076542213720544
450 0.5280183122129831
460 0.4559922415803587
470 0.7679307390808087
480 0.3768820486649103
490 0.4985195142079799
500 1.1228955920269004
510 1.3950848522653831
520 1.194033346425401
530 0.49446108253101034
540 0.4239713977717109
550 1.0394677629860452
560 1.5382760993520845
570 1.3123495793423867
580 0.7422864143725144
590 0.0850808597994065
600 0.15390409957720627
610 0.37321878975305756
620 0.5916477588305894
630 0.8147737988867542
640 0.9887138061750593
650 1.1386329727896147
660 1.3167182453550552
670 1.2445037321660917
680 0.6674466661974677
690 0.5066890633632787
700 0.45416537227238685
710 0.3260342493977081
720 0.2581497829755715
730 0.2212699243734418
740 0.2087228943823919
750 0.20291385522739505
760 0.21362047497386866
770 0.29139765432143155
780 0.43633155832730985
