380 0.5817246699026328
390 0.4864631690954657
400 0.35644327685995353
410 0.4553222177328672
420 0.2946792492165723
430 0.24563613315317465
440 0.2796491266600856
450 0.05706860825476898
460 0.0729018568165226
470 0.19184651861659935
480 0.3902155187508822
490 0.5921803091140471
500 0.6703444985099202
510 0.5375246213936777
520 0.3612527488627309
530 0.22737152192797877
540 0.19561985925368142
550 0.2720452870494403
560 0.5614349293422878
570 0.7616706611909053
580 0.8023112616743386
590 0.7788073572592386
600 0.7659882594596831
610 0.7469718628061396
620 0.672925102002322
630 0.5075794689865317
640 0.46991172552629645
650 0.295899726087526
660 0.23482523534207664
670 0.205356502046728
680 0.12454372942891723
690 0.1270127622232226
700 0.21050932418484808
710 0.354703356953977
720 0.4943684120438863
730 0.64183802346749
740 0.8960440803411164
750 1.1610357857985059
760 1.0876513675229593
770 1.240470632822639
780 1.4415102161810178
