380 1.016702122282619
390 0.8137964620461634
400 0.6547886744434657
410 0.5002277923187435
420 0.4464528350665313
430 0.2931080282499613
440 0.29508601084123165
450 0.2540921339112076
460 0.4538239895737989
470 0.39466119056436305
480 0.37606853872897816
490 0.5540224470886445
500 0.6352529132723294
510 0.12307459489820924
520 0.7163902475360578
530 1.1569602488802038
540 1.35699267682137
550 1.190158131177686
560 0.4269252550138821
570 0.4521361397291456
580 0.675951603154181
590 1.4599779746030406
600 1.6304344329370328
610 1.291793589466962
620 0.6837065334555754
630 0.09848898876760555
640 0.14884094397231806
650 0.35484979071814426
660 0.561466240016031
670 0.7744068150342316
680 0.9641701242893883
690 1.0996818230744558
700 1.2451197125753308
710 1.385274923554938
720 1.2411165037719492
730 0.6945131103699703
740 0.5092269345110211
750 0.44556318277742635
760 0.3319147887427986
770 0.2633022092404257
780 0.23374201871604136
