380 1.1361069587990709
390 1.0676728867530683
400 0.9585370653371695
410 0.8743153080716768
420 0.6991295022635766
430 0.6411600886248344
440 0.53017782578974
450 0.3384561000358661
460 0.3693345947727219
470 0.3371604263851036
480 0.4452712966056584
490 0.3407946815630442
500 0.3083467783846064
510 0.32243223292496187
520 0.7371808794819855
530 0.2987936380892418
540 0.19713097592083773
550 0.7660260469376103
560 1.0736442445867076
570 1.2410023311441372
580 1.1701233432371336
590 0.5249666713505868
600 0.4995002269409574
610 0.4681870896660809
620 0.9539897257684397
630 1.624340500084543
640 1.6426766881058628
650 1.2623542696920285
660 0.6810019689147357
670 0.12900846368415048
680 0.11562636515069295
690 0.3102217158798934
700 0.5186093384571221
710 0.7120308381261875
720 0.9013210208215414
730 1.0600095143576573
740 1.18113104603213
750 1.303157028299445
760 1.3950770000142414
770 1.2880913846162414
780 0.7875440769942378
