380 0.0002679388902256409
400 0.00023562829700946004
420 0.0003597309140775655
440 0.0001436863095095094
460 0.0014344578236907951
480 0.001409339424438801
500 0.0009799364959198825
520 0.0008999280300115296
540 0.0013434588389118335
560 0.0026610207851476566
580 0.001447798771591143
600 0.0005735041152578174
620 0.0003237534653793457
640 0.00022736204406659897
660 0.0001712967583862834
680 0.00013269770444101142
700 0.00010815961572151806
720 8.987914665221671e-05
740 7.659728443725165e-05
760 6.520348640662802e-05
780 5.615889207348362e-05
