380 0.005113201972990955
400 0.0039042959579569927
420 0.005467932272142419
440 0.006985253743697321
460 0.02683040298583514
480 0.02094223660830057
500 0.016288133138659573
520 0.020059674916521792
540 0.038729170194984
560 0.03436244632014322
580 0.016079765670027564
600 0.007333651421137086
620 0.004511105322865609
640 0.003290394393116506
660 0.0025436413709751934
680 0.002015863590816315
700 0.001662975193131684
720 0.0013936740696057848
740 0.0011979771593017257
760 0.0010289813303834875
780 0.0008930064302329754
