380 3.2700105271741653e-07
390 2.9561395744771477e-07
400 3.0748951514329473e-07
410 2.183218801649095e-06
420 2.4201247914284993e-06
430 2.8032727850516624e-06
440 2.5455353070201665e-06
450 2.5205716704836024e-06
460 2.10270528182214e-06
470 1.6038413698091185e-06
480 1.162743228425344e-06
490 1.4651242884921411e-06
500 2.1631700755793107e-06
510 1.6998731497109862e-06
520 1.3138835926167713e-06
530 9.760184831015847e-07
540 6.071720023976223e-07
550 2.647292577444861e-07
560 1.886988349014324e-07
570 1.1361184250651549e-06
580 2.350469258049318e-06
590 1.8838500895510176e-06
600 2.2335147918573776e-06
610 2.227724392065443e-06
620 2.1575839095147066e-06
630 2.0828273682825515e-06
640 2.0451636154435087e-06
650 2.0263015852988744e-06
660 2.0398008292286725e-06
670 2.095350425912047e-06
680 2.198632817876791e-06
690 2.362589687306167e-06
700 2.586953898847912e-06
710 2.8474330590928257e-06
720 3.0806557679484784e-06
730 3.234569481317099e-06
740 3.278313308135018e-06
750 3.2248316026124583e-06
760 3.1282809018146228e-06
770 3.0442418678750917e-06
780 2.8544304817161563e-06
