380 1.8379946878412756e-07
390 2.149430519244657e-07
400 1.8798360703868032e-07
410 5.201628598022536e-07
420 1.225105382256406e-06
430 1.907965640494576e-06
440 1.8729850909527033e-06
450 2.2314588085697366e-06
460 1.7383253365274264e-06
470 1.0023714481433858e-06
480 8.419498530014125e-07
490 1.0423857354930776e-06
500 1.3387727429224799e-06
510 5.470979436453508e-07
520 3.9985609862551786e-07
530 3.844256334969612e-07
540 4.2756907009633377e-07
550 6.266300336574318e-07
560 1.2198981373216954e-06
570 1.944015648854307e-06
580 2.1989775633102776e-06
590 2.9314866861977e-06
600 3.3163132275835643e-06
610 3.2373721722937726e-06
620 3.3092724880295665e-06
630 3.4084277328978656e-06
640 3.5335450699660695e-06
650 3.66510418380897e-06
660 3.827510602615644e-06
670 3.739275593878142e-06
680 3.7819976938993956e-06
690 3.914958026224921e-06
700 4.037410886506156e-06
710 4.15550760117603e-06
720 3.950680314382867e-06
730 3.85978973297706e-06
740 3.4828727359161843e-06
750 3.5013434716792616e-06
760 3.556259697038788e-06
770 3.5826649313914825e-06
780 3.448231170587305e-06
