380 5.737022154114295e-07
390 5.09301173880995e-07
400 3.439453241987464e-07
410 3.5031411729339417e-06
420 3.2392031139037804e-06
430 3.0516979030781177e-06
440 2.986631857865177e-06
450 2.9043878760333042e-06
460 2.7692864870136954e-06
470 2.5649086229697523e-06
480 2.327407952527601e-06
490 2.119580496593123e-06
500 1.9729488980932574e-06
510 1.8748749773322646e-06
520 1.8047033092404484e-06
530 1.7486925519433453e-06
540 1.6960976201678718e-06
550 1.6429480335958255e-06
560 1.5911470226592182e-06
570 1.5433306006158092e-06
580 1.5006740677519452e-06
590 1.4627188831987688e-06
600 1.4277894202689114e-06
610 1.3934690156862062e-06
620 1.356932824447288e-06
630 1.315305829350661e-06
640 1.2667920890688016e-06
650 1.2124858459205063e-06
660 1.1572576826201308e-06
670 1.1074222557219744e-06
680 1.0668176328197321e-06
690 1.0354907801409345e-06
700 1.0113282372630169e-06
710 9.919019334685178e-07
720 9.753479791885407e-07
730 9.604541525872237e-07
740 9.464547449994806e-07
750 9.328899135859002e-07
760 9.194762478949664e-07
770 9.06035882577044e-07
780 8.924527515200945e-07
