380 0.017959203138038487
400 0.013463026456350414
420 0.01868119894784952
440 0.022101437969128043
460 0.09292217427880343
480 0.07384442261395614
500 0.05902728276004173
520 0.07166033760125744
540 0.1323456914293651
560 0.12009231056387279
580 0.057202181072983256
600 0.027572666357252952
620 0.01731463249342664
640 0.012812449405485581
660 0.00998702545747985
680 0.007939523240141888
700 0.006599640471259656
720 0.005578568513757801
740 0.004823459322010427
760 0.004161322115642584
780 0.003627129938508994
