380 0.012988634688099581
400 0.009658872904005907
420 0.012985740759735138
440 0.016994469400328387
460 0.06608109413572254
480 0.05154606505567919
500 0.04155333658222218
520 0.05252377700398851
540 0.09420256081575903
560 0.08283278140467229
580 0.04057363391537577
600 0.01915532562791171
620 0.012006122026093745
640 0.008875354532028229
660 0.006911163655272411
680 0.005487107161416316
700 0.004551008481514903
720 0.003833682285765498
740 0.003297977963354292
760 0.0028334130556407957
780 0.0024632504780414516
