380 0.007824952586228203
400 0.005881451345346493
420 0.00802973399600053
440 0.01003219776672948
460 0.040067411711360246
480 0.031535168916285446
500 0.024742928234728574
520 0.030285391221275375
540 0.05532315799791965
560 0.050261771462126105
580 0.026166277689460813
600 0.012134342099745279
620 0.007367832112784973
640 0.00534405338883837
660 0.004108281203142865
680 0.0032412947253421718
700 0.002682135501674489
720 0.002259325538979662
740 0.0019440459898434482
760 0.001665095659432633
780 0.0014385485789572823
