380 0.0013079716087806294
400 0.0010041362141055353
420 0.0013989029823144577
440 0.0015000868929607005
460 0.006856559149348884
480 0.005442344358365572
500 0.004227382022805907
520 0.004956370787396971
540 0.009412400068064826
560 0.008970195606927411
580 0.004363761484129203
600 0.001956381818893893
620 0.001183642492685042
640 0.0008590710590028816
660 0.0006621564295601803
680 0.0005224246240903947
700 0.0004305387525052847
720 0.00036055626636197056
740 0.0003092460486959204
760 0.00026445659012600263
780 0.00022788317322819257
