380 0.015407077956508836
400 0.011673014792616959
420 0.016142996062306278
440 0.02079092036363308
460 0.0787983580189115
480 0.06262725659546196
500 0.04988647218968706
520 0.06190419724050443
540 0.11207955218843507
560 0.10284028388674284
580 0.05081962357576044
600 0.023642729801017007
620 0.014585040940818009
640 0.010711154255281
660 0.008309774032926622
680 0.006594894558356367
700 0.0054660134502884875
720 0.004592324055788855
740 0.0039348566355333825
760 0.003375340689335065
780 0.002933107028633072
