380 0.002663771785723977
400 0.002128870383333685
420 0.003032036959562445
440 0.002648707019528138
460 0.014008226328382138
480 0.011756070298889974
500 0.008700316759788699
520 0.009436611047069181
540 0.017745001190665383
560 0.0197580348137852
580 0.010139281646412718
600 0.0043758403303855425
620 0.002574477917892212
640 0.0018419053181845794
660 0.001403636297266422
680 0.0010951099023348142
700 0.0008929239050561655
720 0.0007418255513496621
740 0.0006321413891924967
760 0.0005396405737245406
780 0.00046647688190593355
